"subject"	"ppn"	"age"	"sex"	"hyp"	"cdt"	"man"	"iat"	"tskor"	"exo"	"rdtm"	"mnch"	"Npls"	"Nwon"	"Ngoo"	"Ncor"	"Lpls"	"Lwon"	"Lgoo"	"Lcor"	"mnch2"	"blv"	"hypn"	"x"	"bl1"	"bl2"	"Lgbl"	"Ngbl"	"comp"	"incomp"	"c"	"startblock"	"D4"	"D4_odd"	"D4_even"
"1"	1	1	23	"v"	1	1	1	1	1	1	264227	2	7	4	6	7	0	1	1	2	1	6	5	NA	1.34679248829669	1.66254703044503	1.34679248829669	1.66254703044503	1.34679248829669	1.66254703044503	-0.315754542148335	"1"	-0.5757	-0.4952	-0.8665
"2"	2	2	18	"v"	2	2	1	1	1	1	264222	1	5	5	3	4	3	3	5	3	2	6	-1	NA	0.964709298280913	1.38669558584136	0.964709298280913	1.38669558584136	1.38669558584136	0.964709298280913	0.42198628756045	"1"	-0.9559	-0.889	-1.1401
"3"	3	3	21	"v"	1	2	1	1	2	1	270827	1	2	2	2	0	6	6	6	8	2	4	3	NA	1.23514028777324	1.32242065569686	1.23514028777324	1.32242065569686	1.32242065569686	1.23514028777324	0.0872803679236278	"1"	-0.4239	-0.7062	-0.1944
"4"	4	4	18	"m"	2	1	1	1	2	1	280238	2	4	5	5	4	2	2	2	3	1	7	-1	NA	1.41622395037198	1.56633775601528	1.41622395037198	1.56633775601528	1.41622395037198	1.56633775601528	-0.150113805643298	"1"	-0.3464	-0.6138	-0.0059
"5"	5	5	22	"v"	1	1	0	1	1	1	354741	2	5	3	3	3	3	5	3	5	1	5	4	NA	1.6848859214763	1.45159109426953	1.6848859214763	1.45159109426953	1.6848859214763	1.45159109426953	0.233294827206771	"1"	0.653	0.438	0.9283
"6"	6	6	20	"v"	2	2	0	1	1	1	237946	1	7	6	7	6	0	0	0	1	1	5	-1	NA	1.21139218578485	1.41394995646644	1.21139218578485	1.41394995646644	1.41394995646644	1.21139218578485	0.202557770681592	"1"	-0.0919	-0.2286	0.0886
"7"	7	7	20	"v"	1	2	0	1	2	1	256883	1	7	7	7	8	0	1	1	0	1	2	7	NA	1.3248239105351	1.85988206038926	1.3248239105351	1.85988206038926	1.85988206038926	1.3248239105351	0.535058149854164	"1"	-0.9503	-1.1703	-0.7893
"8"	8	8	21	"v"	2	1	0	1	2	1	339877	2	3	3	1	4	8	8	8	8	1	7	-1	NA	1.55345644735397	1.32459973336477	1.55345644735397	1.32459973336477	1.55345644735397	1.32459973336477	0.228856713989201	"1"	0.7446	0.4683	1.2182
"9"	9	9	21	"m"	1	1	1	1	2	1	261819	2	7	6	8	8	0	1	1	0	1	2	5	NA	1.63743030275556	1.4548968986941	1.63743030275556	1.4548968986941	1.63743030275556	1.4548968986941	0.182533404061461	"1"	0.9636	0.4239	1.5776
"10"	10	10	25	"m"	2	1	0	2	1	1	177794	2	5	4	6	5	4	3	3	2	1	7	-1	NA	1.60127449980469	1.62315695325435	1.62315695325435	1.60127449980469	1.62315695325435	1.60127449980469	0.0218824534496536	"2"	0.0638	0.5434	-0.2272
"11"	11	11	18	"v"	1	2	1	1	1	1	381056	1	3	3	3	3	3	3	5	4	2	6	5	NA	1.81779400141045	1.93527700429465	1.81779400141045	1.93527700429465	1.93527700429465	1.81779400141045	0.117483002884201	"1"	-0.8676	-0.9248	-0.9001
"12"	12	12	26	"m"	2	1	1	1	1	1	316294	2	2	2	2	2	6	6	6	6	1	6	-1	NA	2.09292794821229	2.28814662267675	2.09292794821229	2.28814662267675	2.09292794821229	2.28814662267675	-0.195218674464466	"1"	0.4439	1.0561	0.0836
"13"	13	13	23	"m"	1	1	0	1	2	1	241700	2	0	0	2	1	8	7	8	7	2	1	7	NA	1.68668325544474	1.59520130620836	1.68668325544474	1.59520130620836	1.68668325544474	1.59520130620836	0.0914819492363819	"1"	0.2084	0.1801	0.2748
"14"	14	14	19	"m"	2	2	0	2	2	2	177200	1	7	6	8	6	0	0	0	0	1	6	-1	NA	1.67498042091728	1.59510761273494	1.59510761273494	1.67498042091728	1.67498042091728	1.59510761273494	0.0798728081823414	"2"	0.6351	0.6876	0.642
"15"	15	15	18	"v"	1	2	0	1	1	1	248475	1	6	4	5	5	2	3	2	1	1	6	3	NA	1.64598243145865	1.51442890872566	1.64598243145865	1.51442890872566	1.51442890872566	1.64598243145865	-0.131553522732989	"1"	0.559	0.2588	0.8592
"16"	16	16	22	"v"	2	1	0	1	1	1	301306	2	1	1	0	1	6	6	8	7	2	6	-1	NA	1.61196689943717	1.40263262058706	1.61196689943717	1.40263262058706	1.61196689943717	1.40263262058706	0.209334278850118	"1"	0.5314	0.7801	0.4381
"17"	17	17	19	"m"	1	1	1	2	1	1	658641	2	5	4	5	4	5	4	5	6	1	6	4	NA	1.1703489774447	1.57949009512824	1.57949009512824	1.1703489774447	1.57949009512824	1.1703489774447	0.409141117683541	"2"	-0.7968	-0.8752	-0.5694
"18"	18	18	22	"v"	2	2	1	2	1	1	213622	1	2	3	3	2	5	4	5	5	2	5	-1	NA	1.29389157305721	0.89510455723405	0.89510455723405	1.29389157305721	1.29389157305721	0.89510455723405	0.398787015823162	"2"	0.7803	0.6709	1.0211
"19"	19	19	20	"v"	1	2	1	2	2	1	278756	1	0	0	0	0	8	8	8	8	2	6	7	NA	1.60485961946421	1.79962145004028	1.79962145004028	1.60485961946421	1.60485961946421	1.79962145004028	-0.194761830576073	"2"	-0.0918	-0.3051	0.1012
"20"	20	20	19	"v"	2	1	1	2	2	1	356271	2	3	3	4	6	2	3	2	2	1	7	-1	NA	1.0592094836393	1.3625022152914	1.3625022152914	1.0592094836393	1.3625022152914	1.0592094836393	0.3032927316521	"2"	-1.1392	-1.054	-1.3032
"21"	21	21	25	"v"	1	1	0	2	1	1	285886	2	8	0	0	0	7	7	8	8	2	0	7	NA	1.02812999240794	1.54527377082511	1.54527377082511	1.02812999240794	1.54527377082511	1.02812999240794	0.517143778417171	"2"	-0.9505	-1.1955	-0.7812
"22"	22	22	18	"v"	2	2	0	2	1	1	307985	1	6	5	6	6	1	2	2	2	1	3	-1	NA	2.08619968702223	1.83067779295935	1.83067779295935	2.08619968702223	2.08619968702223	1.83067779295935	0.255521894062881	"2"	0.4957	0.1023	1.3296
"23"	23	23	20	"m"	1	2	0	2	2	1	207104	1	7	5	7	6	1	2	3	2	1	3	4	NA	1.80852312034546	1.5671861156502	1.5671861156502	1.80852312034546	1.80852312034546	1.5671861156502	0.241337004695263	"2"	0.5327	0.5335	0.6889
"24"	24	24	20	"v"	2	1	0	2	2	1	218372	2	0	0	2	0	6	5	7	8	2	6	-1	NA	1.37411319260248	1.27364220403261	1.27364220403261	1.37411319260248	1.27364220403261	1.37411319260248	-0.100470988569868	"2"	0.5723	0.3669	0.6831
"25"	25	25	18	"m"	1	1	1	2	2	1	248503	2	6	6	7	6	1	2	1	1	1	2	7	NA	1.75540067730428	1.60966769607413	1.60966769607413	1.75540067730428	1.60966769607413	1.75540067730428	-0.145732981230155	"2"	1.2137	0.7045	1.5896
"26"	26	26	20	"v"	2	2	1	2	2	1	310285	1	2	2	2	3	6	4	5	5	2	7	-1	NA	1.68457549484812	1.37401134592186	1.37401134592186	1.68457549484812	1.68457549484812	1.37401134592186	0.310564148926254	"2"	0.3128	0.2854	0.3906
"27"	27	27	19	"m"	1	2	1	2	1	1	206860	1	4	5	5	4	5	6	5	3	2	5	6	NA	1.64005921912496	1.49050262684066	1.49050262684066	1.64005921912496	1.64005921912496	1.49050262684066	0.149556592284297	"2"	0.3679	0.0914	0.9821
"28"	28	28	22	"v"	2	1	1	2	1	1	181510	2	5	3	5	6	3	2	3	2	1	7	-1	NA	1.63391586859183	2.0565129350282	2.0565129350282	1.63391586859183	2.0565129350282	1.63391586859183	0.422597066436362	"2"	-0.6718	-0.9278	-0.4636
"29"	29	29	22	"v"	1	1	0	1	2	1	269011	2	0	0	0	0	7	5	6	6	2	7	6	NA	1.61551079476117	1.39718907978457	1.61551079476117	1.39718907978457	1.61551079476117	1.39718907978457	0.218321714976602	"1"	0.6967	0.5677	0.8668
"30"	30	30	19	"m"	2	2	0	2	2	1	266205	1	6	2	7	1	1	2	1	1	1	3	-1	NA	1.70192808934027	1.62296565763617	1.62296565763617	1.70192808934027	1.70192808934027	1.62296565763617	0.0789624317041024	"2"	0.3717	0.0847	0.5806
"31"	31	31	23	"m"	1	2	0	2	1	1	276307	1	5	4	5	6	3	3	3	3	1	6	4	NA	1.66571021015578	1.50012327856396	1.50012327856396	1.66571021015578	1.66571021015578	1.50012327856396	0.16558693159182	"2"	0.4653	0.0984	1.0395
"32"	32	32	20	"m"	2	1	0	2	1	2	308116	2	0	0	0	0	7	7	7	6	2	6	-1	NA	0.919756690037932	1.23633420458737	1.23633420458737	0.919756690037932	1.23633420458737	0.919756690037932	0.316577514549438	"2"	-0.83	-0.2783	-1.1689
"33"	33	33	19	"m"	1	2	0	2	1	2	276729	1	8	8	8	8	0	0	0	0	1	2	4	NA	1.27579433324621	1.34260944136348	1.34260944136348	1.27579433324621	1.27579433324621	1.34260944136348	-0.0668151081172761	"2"	-0.0984	-0.4018	0.2799
"34"	34	34	20	"v"	2	2	1	1	1	2	169483	1	3	3	2	1	3	3	2	4	2	5	-1	NA	1.77511089063239	1.85494711727627	1.77511089063239	1.85494711727627	1.85494711727627	1.77511089063239	0.079836226643883	"1"	-0.1782	-0.1177	-0.2399
"35"	35	35	21	"v"	1	2	1	1	2	2	313307	1	1	1	2	1	7	6	6	7	1	3	6	NA	1.84307270751159	1.82244989362214	1.84307270751159	1.82244989362214	1.82244989362214	1.84307270751159	-0.0206228138894535	"1"	0.0436	0.2341	-0.2361
"36"	36	36	23	"m"	2	1	1	1	2	2	357813	2	3	3	4	4	2	2	2	0	1	4	-1	NA	1.38006896339079	1.21589352581304	1.38006896339079	1.21589352581304	1.38006896339079	1.21589352581304	0.16417543757776	"1"	0.5343	0.573	0.577
"37"	37	37	25	"m"	1	1	0	1	1	2	361888	2	0	0	0	0	7	7	7	8	2	6	3	NA	1.65148361406733	1.36873814556363	1.65148361406733	1.36873814556363	1.65148361406733	1.36873814556363	0.2827454685037	"1"	0.7963	0.8628	0.7227
"38"	38	38	20	"v"	2	2	0	1	1	2	295580	1	6	6	7	7	1	2	2	2	1	5	-1	NA	1.32468459304929	1.70051428093417	1.32468459304929	1.70051428093417	1.70051428093417	1.32468459304929	0.375829687884883	"1"	-0.7143	-0.7093	-0.867
"39"	39	39	23	"v"	1	2	0	1	2	2	264376	1	7	8	7	8	3	2	2	2	1	7	8	NA	1.51669143863745	1.86768975882577	1.51669143863745	1.86768975882577	1.86768975882577	1.51669143863745	0.350998320188321	"1"	-0.5566	-0.4694	-0.6494
"40"	40	40	22	"v"	2	1	0	1	2	2	241386	2	0	1	2	2	6	5	6	4	2	5	-1	NA	1.40529122802573	1.15999174347131	1.40529122802573	1.15999174347131	1.40529122802573	1.15999174347131	0.245299484554425	"1"	1.1921	0.9128	1.4629
"41"	41	41	18	"m"	1	1	1	1	2	2	212723	2	8	7	6	8	1	2	2	1	1	5	7	NA	1.29551854711273	1.57470611162571	1.29551854711273	1.57470611162571	1.29551854711273	1.57470611162571	-0.279187564512987	"1"	-0.6135	-0.8414	-0.2883
"42"	42	42	20	"v"	2	2	1	1	2	2	207910	1	2	3	3	3	5	4	5	4	2	6	-1	NA	1.83572795895213	1.86339382475961	1.83572795895213	1.86339382475961	1.86339382475961	1.83572795895213	0.0276658658074818	"1"	-0.2002	-0.3013	-0.1121
"43"	43	43	20	"v"	1	2	1	1	1	2	321964	1	1	2	2	2	7	6	7	6	2	6	6	NA	1.33966348519374	1.53480554931395	1.33966348519374	1.53480554931395	1.53480554931395	1.33966348519374	0.195142064120214	"1"	-0.4902	-0.6472	-0.3666
"44"	44	44	20	"v"	2	1	1	1	1	2	378106	2	6	6	6	5	3	4	3	4	1	8	-1	NA	1.3575210351862	1.28237418268299	1.3575210351862	1.28237418268299	1.3575210351862	1.28237418268299	0.0751468525032082	"1"	0.1355	0.2441	-0.0082
"45"	45	45	28	"v"	1	1	0	1	2	2	298190	2	0	0	0	0	8	6	7	8	2	2	5	NA	1.68702406953455	1.32577184496752	1.68702406953455	1.32577184496752	1.68702406953455	1.32577184496752	0.361252224567025	"1"	0.7538	0.822	0.824
"46"	46	46	23	"v"	2	2	0	1	2	2	217418	1	7	7	7	7	0	0	0	0	1	6	-1	NA	1.52817341442617	1.62450634129028	1.52817341442617	1.62450634129028	1.62450634129028	1.52817341442617	0.0963329268641162	"1"	-0.3441	-0.6963	0.2562
"47"	47	47	23	"v"	1	2	0	1	1	2	252166	1	7	5	6	7	1	0	1	1	1	6	4	NA	1.47590623816843	1.73187219641935	1.47590623816843	1.73187219641935	1.73187219641935	1.47590623816843	0.255965958250917	"1"	-0.6213	-0.7268	-0.4201
"48"	48	48	21	"v"	2	1	0	1	1	2	175478	2	2	2	2	2	7	5	6	6	2	5	-1	NA	1.46817707468945	1.34443373486358	1.46817707468945	1.34443373486358	1.46817707468945	1.34443373486358	0.123743339825868	"1"	0.1055	-0.2487	0.6553
"49"	49	49	21	"v"	1	1	1	2	1	2	275119	2	6	4	4	6	2	2	2	6	1	5	4	NA	1.26733321186291	1.33459666698382	1.33459666698382	1.26733321186291	1.33459666698382	1.26733321186291	0.0672634551209077	"2"	-0.0268	-0.0444	-0.0103
"50"	50	50	36	"v"	2	2	1	2	1	2	291177	1	2	4	2	6	6	5	5	0	2	5	-1	NA	1.6989568945491	1.69967937512409	1.69967937512409	1.6989568945491	1.6989568945491	1.69967937512409	-0.000722480574988582	"2"	-0.5378	-0.9585	-0.1919
"51"	51	51	19	"v"	1	2	1	2	2	2	332592	1	1	0	2	0	7	7	8	6	2	8	7	NA	1.74412960410925	1.7973290139812	1.7973290139812	1.74412960410925	1.74412960410925	1.7973290139812	-0.0531994098719488	"2"	-0.6128	-0.2543	-1.1254
"52"	52	52	20	"v"	2	1	1	2	2	2	282351	2	4	4	4	4	2	3	3	3	1	2	-1	NA	1.07216081464303	1.48507087249081	1.48507087249081	1.07216081464303	1.48507087249081	1.07216081464303	0.412910057847776	"2"	-0.9996	-1.2582	-0.7401
"53"	53	53	22	"v"	1	1	0	2	1	2	317901	2	2	2	2	2	7	6	6	7	2	5	6	NA	1.59161826345753	1.76513415541178	1.76513415541178	1.59161826345753	1.76513415541178	1.59161826345753	0.173515891954254	"2"	-0.419	-0.7137	-0.0694
"54"	54	54	18	"m"	2	2	0	2	1	2	257084	1	7	6	7	7	2	1	1	0	1	7	-1	NA	1.42123534969964	1.22083016511344	1.22083016511344	1.42123534969964	1.42123534969964	1.22083016511344	0.200405184586203	"2"	0.3901	0.717	0.0868
"55"	55	55	20	"m"	1	2	0	2	2	2	318480	1	8	8	7	7	1	1	1	3	1	5	5	NA	1.25052931577673	1.23328703905749	1.23328703905749	1.25052931577673	1.25052931577673	1.23328703905749	0.0172422767192337	"2"	0.2653	0.6934	-0.1179
"56"	56	56	20	"v"	2	1	0	2	2	2	247203	2	0	0	0	0	0	7	8	8	2	6	-1	NA	1.65559775600827	1.65014071220793	1.65014071220793	1.65559775600827	1.65014071220793	1.65559775600827	-0.00545704380033629	"2"	0.5501	0.8307	0.3624
"57"	57	57	19	"v"	1	1	1	2	2	2	213673	2	5	5	6	4	2	2	2	2	1	3	6	NA	1.91678123102485	1.71067654671054	1.71067654671054	1.91678123102485	1.71067654671054	1.91678123102485	-0.206104684314319	"2"	0.6616	0.6211	0.7309
"58"	58	58	20	"m"	2	2	1	2	2	2	183829	1	1	1	2	3	6	6	7	6	2	7	-1	NA	1.53019751786513	1.60717622972347	1.60717622972347	1.53019751786513	1.53019751786513	1.60717622972347	-0.0769787118583363	"2"	-0.3229	-0.075	-0.533
"59"	59	59	19	"v"	1	2	1	2	1	2	183101	1	4	3	4	3	3	4	4	5	2	5	6	NA	1.53750167639714	1.42568264096842	1.42568264096842	1.53750167639714	1.53750167639714	1.42568264096842	0.111819035428725	"2"	0.6428	0.4839	0.74
"60"	60	60	19	"m"	2	1	1	2	1	2	269027	2	5	4	5	4	2	3	3	3	1	6	-1	NA	1.00109791918182	1.39580942117261	1.39580942117261	1.00109791918182	1.39580942117261	1.00109791918182	0.394711501990783	"2"	-0.6184	-0.8602	-0.3954
